50 24 1
13 24 2
51 23 3
48 23 4
13 23 5
12 23 6
51 22 7
48 22 8
47 22 9
28 22 10
27 22 11
13 22 12
12 22 13
49 21 14
48 21 15
47 21 16
46 21 17
45 21 18
44 21 19
43 21 20
31 21 21
28 21 22
27 21 23
14 21 24
13 21 25
12 21 26
49 20 27
48 20 28
47 20 29
46 20 30
45 20 31
44 20 32
43 20 33
29 20 34
28 20 35
27 20 36
15 20 37
14 20 38
13 20 39
48 19 40
47 19 41
46 19 42
45 19 43
44 19 44
43 19 45
29 19 46
28 19 47
27 19 48
16 19 49
15 19 50
14 19 51
13 19 52
47 18 53
46 18 54
45 18 55
44 18 56
30 18 57
29 18 58
28 18 59
27 18 60
17 18 61
16 18 62
15 18 63
14 18 64
13 18 65
30 17 66
29 17 67
28 17 68
27 17 69
26 17 70
17 17 71
16 17 72
15 17 73
14 17 74
13 17 75
12 17 76
48 16 77
47 16 78
45 16 79
44 16 80
43 16 81
42 16 82
30 16 83
29 16 84
28 16 85
27 16 86
26 16 87
18 16 88
17 16 89
16 16 90
15 16 91
14 16 92
13 16 93
12 16 94
47 15 95
46 15 96
42 15 97
41 15 98
31 15 99
30 15 100
29 15 101
28 15 102
27 15 103
26 15 104
25 15 105
24 15 106
17 15 107
16 15 108
15 15 109
14 15 110
13 15 111
12 15 112
11 15 113
44 14 114
41 14 115
40 14 116
31 14 117
30 14 118
29 14 119
28 14 120
27 14 121
26 14 122
25 14 123
24 14 124
23 14 125
22 14 126
15 14 127
14 14 128
13 14 129
12 14 130
37 13 131
31 13 132
30 13 133
29 13 134
28 13 135
27 13 136
26 13 137
25 13 138
24 13 139
23 13 140
22 13 141
14 13 142
13 13 143
12 13 144
11 13 145
45 12 146
41 12 147
37 12 148
36 12 149
33 12 150
32 12 151
30 12 152
29 12 153
28 12 154
27 12 155
26 12 156
25 12 157
24 12 158
23 12 159
22 12 160
10 12 161
9 12 162
41 11 163
40 11 164
38 11 165
37 11 166
36 11 167
34 11 168
33 11 169
32 11 170
31 11 171
29 11 172
28 11 173
27 11 174
26 11 175
25 11 176
24 11 177
23 11 178
9 11 179
8 11 180
43 10 181
42 10 182
41 10 183
40 10 184
39 10 185
38 10 186
37 10 187
36 10 188
35 10 189
32 10 190
31 10 191
30 10 192
28 10 193
27 10 194
26 10 195
25 10 196
24 10 197
9 10 198
8 10 199
7 10 200
47 9 201
43 9 202
42 9 203
41 9 204
40 9 205
39 9 206
38 9 207
37 9 208
36 9 209
35 9 210
34 9 211
33 9 212
32 9 213
31 9 214
24 9 215
11 9 216
10 9 217
9 9 218
8 9 219
7 9 220
48 8 221
45 8 222
43 8 223
42 8 224
41 8 225
40 8 226
39 8 227
38 8 228
37 8 229
36 8 230
35 8 231
34 8 232
33 8 233
32 8 234
31 8 235
30 8 236
28 8 237
26 8 238
24 8 239
23 8 240
12 8 241
11 8 242
10 8 243
9 8 244
8 8 245
7 8 246
6 8 247
48 7 248
45 7 249
44 7 250
43 7 251
42 7 252
41 7 253
40 7 254
39 7 255
38 7 256
37 7 257
36 7 258
35 7 259
34 7 260
33 7 261
32 7 262
31 7 263
30 7 264
29 7 265
28 7 266
27 7 267
26 7 268
25 7 269
24 7 270
23 7 271
13 7 272
12 7 273
11 7 274
10 7 275
9 7 276
8 7 277
7 7 278
6 7 279
46 6 280
45 6 281
44 6 282
43 6 283
42 6 284
41 6 285
40 6 286
39 6 287
38 6 288
37 6 289
36 6 290
35 6 291
34 6 292
33 6 293
32 6 294
31 6 295
30 6 296
29 6 297
28 6 298
27 6 299
26 6 300
25 6 301
24 6 302
13 6 303
12 6 304
11 6 305
10 6 306
9 6 307
8 6 308
7 6 309
6 6 310
5 6 311
46 5 312
45 5 313
44 5 314
43 5 315
42 5 316
41 5 317
40 5 318
39 5 319
38 5 320
37 5 321
36 5 322
35 5 323
34 5 324
33 5 325
32 5 326
31 5 327
30 5 328
29 5 329
28 5 330
26 5 331
23 5 332
22 5 333
15 5 334
14 5 335
13 5 336
12 5 337
11 5 338
10 5 339
9 5 340
8 5 341
7 5 342
6 5 343
5 5 344
4 5 345
48 4 346
47 4 347
46 4 348
45 4 349
44 4 350
43 4 351
42 4 352
41 4 353
40 4 354
39 4 355
38 4 356
37 4 357
36 4 358
35 4 359
34 4 360
33 4 361
32 4 362
31 4 363
30 4 364
29 4 365
27 4 366
23 4 367
13 4 368
11 4 369
10 4 370
9 4 371
8 4 372
7 4 373
6 4 374
5 4 375
4 4 376
3 4 377
2 4 378
1 4 379
0 4 380
51 3 381
50 3 382
49 3 383
48 3 384
47 3 385
46 3 386
45 3 387
44 3 388
43 3 389
42 3 390
41 3 391
40 3 392
39 3 393
38 3 394
37 3 395
36 3 396
35 3 397
34 3 398
33 3 399
32 3 400
31 3 401
29 3 402
28 3 403
27 3 404
26 3 405
17 3 406
14 3 407
10 3 408
9 3 409
8 3 410
7 3 411
6 3 412
5 3 413
4 3 414
3 3 415
2 3 416
1 3 417
0 3 418
-1 3 419
50 2 420
49 2 421
48 2 422
47 2 423
46 2 424
45 2 425
44 2 426
43 2 427
42 2 428
41 2 429
40 2 430
39 2 431
38 2 432
37 2 433
36 2 434
30 2 435
29 2 436
28 2 437
27 2 438
22 2 439
19 2 440
18 2 441
17 2 442
13 2 443
12 2 444
11 2 445
10 2 446
9 2 447
8 2 448
7 2 449
6 2 450
5 2 451
4 2 452
2 2 453
1 2 454
0 2 455
-1 2 456
42 1 457
41 1 458
40 1 459
39 1 460
29 1 461
28 1 462
20 1 463
19 1 464
18 1 465
17 1 466
16 1 467
11 1 468
9 1 469
8 1 470
6 1 471