62 24 471
27 23 470
64 23 469
26 22 468
29 22 467
64 22 466
65 22 465
26 21 464
29 21 463
30 21 462
49 21 461
50 21 460
64 21 459
65 21 458
28 20 457
29 20 456
30 20 455
31 20 454
32 20 453
33 20 452
34 20 451
46 20 450
49 20 449
50 20 448
63 20 447
64 20 446
65 20 445
28 19 444
29 19 443
30 19 442
31 19 441
32 19 440
33 19 439
34 19 438
48 19 437
49 19 436
50 19 435
62 19 434
63 19 433
64 19 432
29 18 431
30 18 430
31 18 429
32 18 428
33 18 427
34 18 426
48 18 425
49 18 424
50 18 423
61 18 422
62 18 421
63 18 420
64 18 419
30 17 418
31 17 417
32 17 416
33 17 415
47 17 414
48 17 413
49 17 412
50 17 411
60 17 410
61 17 409
62 17 408
63 17 407
64 17 406
47 16 405
48 16 404
49 16 403
50 16 402
51 16 401
60 16 400
61 16 399
62 16 398
63 16 397
64 16 396
65 16 395
29 15 394
30 15 393
32 15 392
33 15 391
34 15 390
35 15 389
47 15 388
48 15 387
49 15 386
50 15 385
51 15 384
59 15 383
60 15 382
61 15 381
62 15 380
63 15 379
64 15 378
65 15 377
30 14 376
31 14 375
35 14 374
36 14 373
46 14 372
47 14 371
48 14 370
49 14 369
50 14 368
51 14 367
52 14 366
53 14 365
60 14 364
61 14 363
62 14 362
63 14 361
64 14 360
65 14 359
66 14 358
33 13 357
36 13 356
37 13 355
46 13 354
47 13 353
48 13 352
49 13 351
50 13 350
51 13 349
52 13 348
53 13 347
54 13 346
55 13 345
62 13 344
63 13 343
64 13 342
65 13 341
40 12 340
46 12 339
47 12 338
48 12 337
49 12 336
50 12 335
51 12 334
52 12 333
53 12 332
54 12 331
55 12 330
63 12 329
64 12 328
65 12 327
66 12 326
32 11 325
36 11 324
40 11 323
41 11 322
44 11 321
45 11 320
47 11 319
48 11 318
49 11 317
50 11 316
51 11 315
52 11 314
53 11 313
54 11 312
55 11 311
67 11 310
68 11 309
36 10 308
37 10 307
39 10 306
40 10 305
41 10 304
43 10 303
44 10 302
45 10 301
46 10 300
48 10 299
49 10 298
50 10 297
51 10 296
52 10 295
53 10 294
54 10 293
68 10 292
69 10 291
34 9 290
35 9 289
36 9 288
37 9 287
38 9 286
39 9 285
40 9 284
41 9 283
42 9 282
45 9 281
46 9 280
47 9 279
49 9 278
50 9 277
51 9 276
52 9 275
53 9 274
68 9 273
69 9 272
70 9 271
30 8 270
34 8 269
35 8 268
36 8 267
37 8 266
38 8 265
39 8 264
40 8 263
41 8 262
42 8 261
43 8 260
44 8 259
45 8 258
46 8 257
53 8 256
66 8 255
67 8 254
68 8 253
69 8 252
70 8 251
29 7 250
32 7 249
34 7 248
35 7 247
36 7 246
37 7 245
38 7 244
39 7 243
40 7 242
41 7 241
42 7 240
43 7 239
44 7 238
45 7 237
46 7 236
47 7 235
49 7 234
51 7 233
53 7 232
54 7 231
65 7 230
66 7 229
67 7 228
68 7 227
69 7 226
70 7 225
71 7 224
29 6 223
32 6 222
33 6 221
34 6 220
35 6 219
36 6 218
37 6 217
38 6 216
39 6 215
40 6 214
41 6 213
42 6 212
43 6 211
44 6 210
45 6 209
46 6 208
47 6 207
48 6 206
49 6 205
50 6 204
51 6 203
52 6 202
53 6 201
54 6 200
64 6 199
65 6 198
66 6 197
67 6 196
68 6 195
69 6 194
70 6 193
71 6 192
31 5 191
32 5 190
33 5 189
34 5 188
35 5 187
36 5 186
37 5 185
38 5 184
39 5 183
40 5 182
41 5 181
42 5 180
43 5 179
44 5 178
45 5 177
46 5 176
47 5 175
48 5 174
49 5 173
50 5 172
51 5 171
52 5 170
53 5 169
64 5 168
65 5 167
66 5 166
67 5 165
68 5 164
69 5 163
70 5 162
71 5 161
72 5 160
31 4 159
32 4 158
33 4 157
34 4 156
35 4 155
36 4 154
37 4 153
38 4 152
39 4 151
40 4 150
41 4 149
42 4 148
43 4 147
44 4 146
45 4 145
46 4 144
47 4 143
48 4 142
49 4 141
51 4 140
54 4 139
55 4 138
62 4 137
63 4 136
64 4 135
65 4 134
66 4 133
67 4 132
68 4 131
69 4 130
70 4 129
71 4 128
72 4 127
73 4 126
29 3 125
30 3 124
31 3 123
32 3 122
33 3 121
34 3 120
35 3 119
36 3 118
37 3 117
38 3 116
39 3 115
40 3 114
41 3 113
42 3 112
43 3 111
44 3 110
45 3 109
46 3 108
47 3 107
48 3 106
50 3 105
54 3 104
64 3 103
66 3 102
67 3 101
68 3 100
69 3 99
70 3 98
71 3 97
72 3 96
73 3 95
74 3 94
75 3 93
76 3 92
77 3 91
26 2 90
27 2 89
28 2 88
29 2 87
30 2 86
31 2 85
32 2 84
33 2 83
34 2 82
35 2 81
36 2 80
37 2 79
38 2 78
39 2 77
40 2 76
41 2 75
42 2 74
43 2 73
44 2 72
45 2 71
46 2 70
48 2 69
49 2 68
50 2 67
51 2 66
60 2 65
63 2 64
67 2 63
68 2 62
69 2 61
70 2 60
71 2 59
72 2 58
73 2 57
74 2 56
75 2 55
76 2 54
77 2 53
78 2 52
27 1 51
28 1 50
29 1 49
30 1 48
31 1 47
32 1 46
33 1 45
34 1 44
35 1 43
36 1 42
37 1 41
38 1 40
39 1 39
40 1 38
41 1 37
47 1 36
48 1 35
49 1 34
50 1 33
55 1 32
58 1 31
59 1 30
60 1 29
64 1 28
65 1 27
66 1 26
67 1 25
68 1 24
69 1 23
70 1 22
71 1 21
72 1 20
73 1 19
75 1 18
76 1 17
77 1 16
78 1 15
35 0 14
36 0 13
37 0 12
38 0 11
48 0 10
49 0 9
57 0 8
58 0 7
59 0 6
60 0 5
61 0 4
66 0 3
68 0 2
69 0 1
71 0 0