-45.513041 168.443750 0
-54.920004 -68.860937 1
-41.958423 173.365625 2
-41.696455 146.646875 3
-49.545667 -68.860937 4
-49.087318 -74.134375 5
-38.193894 176.178125 6
-35.665057 148.756250 7
-35.091771 139.264063 8
-30.058344 27.818750 9
-31.267935 18.326563 10
-46.247258 -68.509375 11
-45.266145 -73.079687 12
-31.267935 151.920313 13
-30.362158 147.701563 14
-30.058344 144.185938 15
-30.058344 140.318750 16
-29.447915 134.342188 17
-29.447915 126.256250 18
-30.966959 119.225000 19
-19.216448 46.100000 20
-23.149143 28.521875 21
-24.115365 18.326563 22
-36.799339 -58.665625 23
-36.234255 -64.642187 24
-36.234255 -70.970312 25
-27.282650 152.271875 26
-27.282650 146.646875 27
-26.655995 141.373438 28
-26.341367 135.396875 29
-25.392364 131.529688 30
-25.709544 125.201563 31
-26.025881 116.412500 32
-16.540055 36.256250 33
-16.540055 26.060938 34
-13.826019 17.975000 35
-31.267935 -53.040625 36
-29.447915 -60.423437 37
-29.753594 -70.618750 38
-23.149143 149.107813 39
-23.472008 141.373438 40
-22.175903 133.990625 41
-21.849970 128.365625 42
-22.825498 122.389063 43
-22.501082 116.060938 44
-4.114896 38.014063 45
-5.166112 25.709375 46
-4.815883 15.162500 47
-25.074349 -49.525000 48
-24.755505 -55.501562 49
-23.472008 -61.478125 50
-24.435842 -68.157812 51
-18.551172 143.834375 52
-17.883294 137.506250 53
-17.548404 130.826563 54
-17.548404 125.553125 55
6 4 56
7 4 57
8 4 58
9 4 59
10 4 60
11 4 61
12 4 62
13 4 63
17 4 64
20 4 65
29 4 66
30 4 67
31 4 68
32 4 69
34 4 70
35 4 71
36 4 72
37 4 73
38 4 74
39 4 75
40 4 76
41 4 77
42 4 78
43 4 79
44 4 80
45 4 81
46 4 82
47 4 83
48 4 84
49 4 85
50 4 86
51 4 87
52 4 88
53 4 89
54 4 90
3 5 91
4 5 92
5 5 93
6 5 94
7 5 95
8 5 96
9 5 97
10 5 98
11 5 99
12 5 100
13 5 101
14 5 102
16 5 103
26 5 104
30 5 105
32 5 106
33 5 107
34 5 108
35 5 109
36 5 110
37 5 111
38 5 112
39 5 113
40 5 114
41 5 115
42 5 116
43 5 117
44 5 118
45 5 119
46 5 120
47 5 121
48 5 122
49 5 123
50 5 124
51 5 125
7 6 126
8 6 127
9 6 128
10 6 129
11 6 130
12 6 131
13 6 132
14 6 133
15 6 134
16 6 135
17 6 136
18 6 137
25 6 138
26 6 139
29 6 140
31 6 141
32 6 142
33 6 143
34 6 144
35 6 145
36 6 146
37 6 147
38 6 148
39 6 149
40 6 150
41 6 151
42 6 152
43 6 153
44 6 154
45 6 155
46 6 156
47 6 157
48 6 158
49 6 159
8 7 160
9 7 161
10 7 162
11 7 163
12 7 164
13 7 165
14 7 166
15 7 167
16 7 168
27 7 169
28 7 170
29 7 171
30 7 172
31 7 173
32 7 174
33 7 175
34 7 176
35 7 177
36 7 178
37 7 179
38 7 180
39 7 181
40 7 182
41 7 183
42 7 184
43 7 185
44 7 186
45 7 187
46 7 188
47 7 189
48 7 190
49 7 191
9 8 192
10 8 193
11 8 194
12 8 195
13 8 196
14 8 197
15 8 198
16 8 199
26 8 200
27 8 201
28 8 202
29 8 203
30 8 204
31 8 205
32 8 206
33 8 207
34 8 208
35 8 209
36 8 210
37 8 211
38 8 212
39 8 213
40 8 214
41 8 215
42 8 216
43 8 217
44 8 218
45 8 219
46 8 220
47 8 221
48 8 222
51 8 223
9 9 224
10 9 225
11 9 226
12 9 227
13 9 228
14 9 229
15 9 230
26 9 231
27 9 232
29 9 233
31 9 234
33 9 235
34 9 236
35 9 237
36 9 238
37 9 239
38 9 240
39 9 241
40 9 242
41 9 243
42 9 244
43 9 245
44 9 246
45 9 247
46 9 248
48 9 249
51 9 250
10 10 251
11 10 252
12 10 253
13 10 254
14 10 255
27 10 256
34 10 257
35 10 258
36 10 259
37 10 260
38 10 261
39 10 262
40 10 263
41 10 264
42 10 265
43 10 266
44 10 267
45 10 268
46 10 269
50 10 270
10 11 271
11 11 272
12 11 273
27 11 274
28 11 275
29 11 276
30 11 277
31 11 278
33 11 279
34 11 280
35 11 281
38 11 282
39 11 283
40 11 284
41 11 285
42 11 286
43 11 287
44 11 288
45 11 289
46 11 290
11 12 291
12 12 292
26 12 293
27 12 294
28 12 295
29 12 296
30 12 297
31 12 298
32 12 299
34 12 300
35 12 301
36 12 302
37 12 303
39 12 304
40 12 305
41 12 306
43 12 307
44 12 308
12 13 309
13 13 310
25 13 311
26 13 312
27 13 313
28 13 314
29 13 315
30 13 316
31 13 317
32 13 318
33 13 319
35 13 320
36 13 321
39 13 322
40 13 323
44 13 324
48 13 325
14 14 326
15 14 327
16 14 328
17 14 329
25 14 330
26 14 331
27 14 332
28 14 333
29 14 334
30 14 335
31 14 336
32 14 337
33 14 338
34 14 339
40 14 340
15 15 341
16 15 342
17 15 343
18 15 344
25 15 345
26 15 346
27 15 347
28 15 348
29 15 349
30 15 350
31 15 351
32 15 352
33 15 353
34 15 354
43 15 355
44 15 356
47 15 357
14 16 358
15 16 359
16 16 360
17 16 361
18 16 362
19 16 363
20 16 364
27 16 365
28 16 366
29 16 367
30 16 368
31 16 369
32 16 370
33 16 371
34 16 372
44 16 373
45 16 374
49 16 375
50 16 376
15 17 377
16 17 378
17 17 379
18 17 380
19 17 381
20 17 382
21 17 383
29 17 384
30 17 385
31 17 386
32 17 387
33 17 388
45 17 389
46 17 390
47 17 391
48 17 392
50 17 393
51 17 394
15 18 395
16 18 396
17 18 397
18 18 398
19 18 399
20 18 400
29 18 401
30 18 402
31 18 403
32 18 404
33 18 405
16 19 406
17 19 407
18 19 408
19 19 409
20 19 410
30 19 411
31 19 412
32 19 413
33 19 414
47 19 415
48 19 416
49 19 417
50 19 418
16 20 419
17 20 420
18 20 421
19 20 422
30 20 423
31 20 424
32 20 425
46 20 426
47 20 427
48 20 428
49 20 429
50 20 430
51 20 431
16 21 432
17 21 433
18 21 434
30 21 435
31 21 436
32 21 437
46 21 438
47 21 439
48 21 440
49 21 441
50 21 442
51 21 443
52 21 444
15 22 445
16 22 446
17 22 447
30 22 448
31 22 449
34 22 450
46 22 451
47 22 452
48 22 453
49 22 454
50 22 455
51 22 456
52 22 457
15 23 458
16 23 459
30 23 460
31 23 461
50 23 462
51 23 463
54 23 464
15 24 465
16 24 466
51 24 467
54 24 468
16 25 469
53 25 470
