0 272.455000
1 274.255000
2 271.455000
3 270.055000
4 274.205000
5 272.555000
6 273.355000
7 271.855000
8 273.655000
9 289.230000
10 286.050000
11 273.555000
12 274.805000
13 273.455000
14 273.955000
15 275.150000
16 270.405000
17 274.150000
18 277.005000
19 277.150000
20 276.530000
21 273.655000
22 274.705000
23 274.750000
24 274.505000
25 274.455000
26 274.055000
27 277.705000
28 274.150000
29 270.705000
30 262.955000
31 273.405000
32 273.105000
33 285.905000
34 285.255000
35 287.155000
36 294.905000
37 275.805000
38 274.155000
39 277.455000
40 274.655000
41 273.755000
42 273.455000
43 273.355000
44 273.855000
45 278.605000
46 286.955000
47 284.755000
48 287.055000
49 272.305000
50 277.305000
51 281.150000
52 280.150000
53 279.205000
54 279.755000
55 285.150000
56 275.655000
57 292.705000
58 285.150000
59 287.205000
60 290.205000
61 289.205000
62 290.505000
63 286.455000
64 274.405000
65 283.150000
66 282.155000
67 288.455000
68 291.705000
69 287.600000
70 299.055000
71 298.055000
72 292.955000
73 283.055000
74 280.705000
75 291.605000
76 292.905000
77 289.455000
78 291.705000
79 286.655000
80 279.355000
81 286.655000
82 289.455000
83 281.055000
84 287.855000
85 284.805000
86 282.955000
87 282.405000
88 285.705000
89 278.805000
90 281.150000
91 282.155000
92 275.905000
93 276.205000
94 283.805000
95 286.205000
96 288.150000
97 295.155000
98 294.655000
99 295.705000
100 293.005000
101 289.150000
102 288.455000
103 290.255000
104 283.155000
105 291.710000
106 296.955000
107 299.905000
108 298.205000
109 294.805000
110 293.455000
111 291.055000
112 284.705000
113 288.455000
114 290.155000
115 294.905000
116 292.505000
117 291.205000
118 291.705000
119 291.955000
120 281.005000
121 278.955000
122 282.555000
123 288.555000
124 272.555000
125 280.455000
126 284.830000
127 285.555000
128 291.905000
129 289.150000
130 292.905000
131 289.150000
132 294.655000
133 294.305000
134 290.150000
135 289.905000
136 284.405000
137 281.150000
138 290.150000
139 294.140000
140 290.880000
141 295.655000
142 296.655000
143 298.705000
144 298.355000
145 297.150000
146 289.805000
147 286.855000
148 289.305000
149 291.255000
150 294.105000
151 291.805000
152 290.655000
153 289.955000
154 286.455000
155 284.405000
156 287.905000
157 278.305000
158 277.455000
159 278.150000
160 284.150000
161 286.840000
162 290.150000
163 286.905000
164 289.150000
165 291.150000
166 292.580000
167 300.860000
168 296.770000
169 295.640000
170 294.150000
171 293.670000
172 296.905000
173 298.005000
174 299.150000
175 299.155000
176 298.255000
177 297.455000
178 292.805000
179 288.150000
180 286.355000
181 292.150000
182 292.155000
183 297.055000
184 295.555000
185 288.905000
186 287.105000
187 278.055000
188 283.305000
189 283.005000
190 281.705000
191 278.605000
192 288.150000
193 287.150000
194 282.510000
195 285.150000
196 289.680000
197 300.360000
198 302.640000
199 301.710000
200 301.150000
201 298.490000
202 302.410000
203 299.800000
204 291.405000
205 304.150000
206 300.705000
207 301.405000
208 301.605000
209 294.105000
210 294.805000
211 287.555000
212 288.855000
213 298.705000
214 281.455000
215 291.805000
216 288.755000
217 283.355000
218 287.055000
219 284.705000
220 285.405000
221 285.305000
222 291.655000
223 283.205000
224 286.920000
225 292.455000
226 286.150000
227 286.160000
228 298.470000
229 301.820000
230 301.340000
231 298.150000
232 304.150000
233 297.155000
234 297.555000
235 295.610000
236 297.150000
237 298.705000
238 298.655000
239 308.055000
240 305.955000
241 302.455000
242 279.355000
243 289.155000
244 277.805000
245 302.905000
246 288.555000
247 290.005000
248 290.655000
249 290.955000
250 290.105000
251 289.820000
252 297.020000
253 294.150000
254 299.150000
255 301.350000
256 305.210000
257 302.705000
258 311.905000
259 307.055000
260 312.150000
261 292.205000
262 304.305000
263 264.255000
264 269.055000
265 274.005000
266 281.505000
267 288.805000
268 294.150000
269 298.505000
270 293.855000
271 289.455000
272 299.205000
273 300.150000
274 305.105000
275 314.455000
276 311.955000
277 306.705000
278 310.455000
279 305.150000
280 312.755000
281 293.380000
282 308.655000
283 306.405000
284 273.905000
285 290.905000
286 284.655000
287 289.055000
288 287.805000
289 296.055000
290 298.455000
291 299.655000
292 290.755000
293 312.455000
294 314.555000
295 319.155000
296 313.255000
297 311.205000
298 314.405000
299 313.405000
300 306.105000
301 312.505000
302 316.150000
303 309.405000
304 303.455000
305 302.555000
306 307.150000
307 298.055000
308 296.605000
309 297.555000
310 299.105000
311 313.905000
312 311.205000
313 319.205000
314 316.755000
315 316.805000
316 312.905000
317 312.705000
318 309.905000
319 294.605000
320 304.055000
321 302.055000
322 294.555000
323 301.455000
324 296.155000
325 299.150000
326 297.505000
327 293.455000
328 297.105000
329 297.505000
330 306.455000
331 307.150000
332 310.805000
333 306.405000
334 309.205000
335 306.405000
336 304.355000
337 303.105000
338 305.655000
339 300.655000
340 306.150000
341 298.055000
342 296.955000
343 296.205000
344 300.005000
345 298.150000
346 300.855000
347 300.055000
348 296.655000
349 298.905000
350 294.105000
351 296.205000
352 296.405000
353 301.155000
354 301.055000
355 297.055000
356 295.055000
357 297.705000
358 290.150000
359 297.855000
360 294.955000
361 298.705000
362 300.455000
363 301.155000
364 304.005000
365 298.150000
366 298.305000
367 297.305000
368 294.455000
369 293.155000
370 298.055000
371 293.905000
372 299.455000
373 300.555000
374 299.705000
375 295.705000
376 295.305000
377 291.150000
378 288.150000
379 293.905000
380 297.955000
381 298.755000
382 301.555000
383 302.055000
384 299.305000
385 303.955000
386 298.705000
387 295.555000
388 296.405000
389 298.705000
390 296.455000
391 289.455000
392 281.955000
393 281.655000
394 281.150000
395 289.150000
396 280.150000
397 294.005000
398 296.705000
399 299.655000
400 294.955000
401 300.355000
402 301.905000
403 304.405000
404 299.255000
405 297.655000
406 277.605000
407 287.655000
408 288.605000
409 284.805000
410 283.150000
411 297.605000
412 299.055000
413 299.305000
414 298.905000
415 290.255000
416 287.955000
417 291.905000
418 294.155000
419 283.855000
420 285.005000
421 287.255000
422 285.855000
423 301.255000
424 297.805000
425 296.655000
426 287.305000
427 285.705000
428 280.755000
429 286.150000
430 280.155000
431 275.455000
432 285.150000
433 282.255000
434 287.455000
435 291.105000
436 296.705000
437 299.805000
438 283.805000
439 283.805000
440 287.805000
441 271.305000
442 275.405000
443 274.055000
444 278.205000
445 275.150000
446 276.355000
447 277.305000
448 289.105000
449 283.755000
450 293.655000
451 277.755000
452 282.305000
453 285.150000
454 277.955000
455 272.605000
456 277.455000
457 278.705000
458 271.805000
459 278.150000
460 285.105000
461 291.755000
462 274.855000
463 276.805000
464 281.305000
465 277.805000
466 275.150000
467 280.150000
468 275.405000
469 279.155000
470 279.655000
