8 1 0
10 1 1
11 1 2
13 1 3
18 1 4
19 1 5
20 1 6
21 1 7
22 1 8
30 1 9
31 1 10
41 1 11
42 1 12
43 1 13
44 1 14
1 2 15
2 2 16
3 2 17
4 2 18
6 2 19
7 2 20
8 2 21
9 2 22
10 2 23
11 2 24
12 2 25
13 2 26
14 2 27
15 2 28
19 2 29
20 2 30
21 2 31
24 2 32
29 2 33
30 2 34
31 2 35
32 2 36
38 2 37
39 2 38
40 2 39
41 2 40
42 2 41
43 2 42
44 2 43
45 2 44
46 2 45
47 2 46
48 2 47
49 2 48
50 2 49
51 2 50
52 2 51
1 3 52
2 3 53
3 3 54
4 3 55
5 3 56
6 3 57
7 3 58
8 3 59
9 3 60
10 3 61
11 3 62
12 3 63
16 3 64
19 3 65
28 3 66
29 3 67
30 3 68
31 3 69
33 3 70
34 3 71
35 3 72
36 3 73
37 3 74
38 3 75
39 3 76
40 3 77
41 3 78
42 3 79
43 3 80
44 3 81
45 3 82
46 3 83
47 3 84
48 3 85
49 3 86
50 3 87
51 3 88
52 3 89
53 3 90
2 4 91
3 4 92
4 4 93
5 4 94
6 4 95
7 4 96
8 4 97
9 4 98
10 4 99
11 4 100
12 4 101
13 4 102
15 4 103
25 4 104
29 4 105
31 4 106
32 4 107
33 4 108
34 4 109
35 4 110
36 4 111
37 4 112
38 4 113
39 4 114
40 4 115
41 4 116
42 4 117
43 4 118
44 4 119
45 4 120
46 4 121
47 4 122
48 4 123
49 4 124
50 4 125
6 5 126
7 5 127
8 5 128
9 5 129
10 5 130
11 5 131
12 5 132
13 5 133
14 5 134
15 5 135
16 5 136
17 5 137
24 5 138
25 5 139
28 5 140
30 5 141
31 5 142
32 5 143
33 5 144
34 5 145
35 5 146
36 5 147
37 5 148
38 5 149
39 5 150
40 5 151
41 5 152
42 5 153
43 5 154
44 5 155
45 5 156
46 5 157
47 5 158
48 5 159
7 6 160
8 6 161
9 6 162
10 6 163
11 6 164
12 6 165
13 6 166
14 6 167
15 6 168
26 6 169
27 6 170
28 6 171
29 6 172
30 6 173
31 6 174
32 6 175
33 6 176
34 6 177
35 6 178
36 6 179
37 6 180
38 6 181
39 6 182
40 6 183
41 6 184
42 6 185
43 6 186
44 6 187
45 6 188
46 6 189
47 6 190
48 6 191
8 7 192
9 7 193
10 7 194
11 7 195
12 7 196
13 7 197
14 7 198
15 7 199
25 7 200
26 7 201
27 7 202
28 7 203
29 7 204
30 7 205
31 7 206
32 7 207
33 7 208
34 7 209
35 7 210
36 7 211
37 7 212
38 7 213
39 7 214
40 7 215
41 7 216
42 7 217
43 7 218
44 7 219
45 7 220
46 7 221
47 7 222
50 7 223
8 8 224
9 8 225
10 8 226
11 8 227
12 8 228
13 8 229
14 8 230
25 8 231
26 8 232
28 8 233
30 8 234
32 8 235
33 8 236
34 8 237
35 8 238
36 8 239
37 8 240
38 8 241
39 8 242
40 8 243
41 8 244
42 8 245
43 8 246
44 8 247
45 8 248
47 8 249
50 8 250
9 9 251
10 9 252
11 9 253
12 9 254
13 9 255
26 9 256
33 9 257
34 9 258
35 9 259
36 9 260
37 9 261
38 9 262
39 9 263
40 9 264
41 9 265
42 9 266
43 9 267
44 9 268
45 9 269
49 9 270
9 10 271
10 10 272
11 10 273
26 10 274
27 10 275
28 10 276
29 10 277
30 10 278
32 10 279
33 10 280
34 10 281
37 10 282
38 10 283
39 10 284
40 10 285
41 10 286
42 10 287
43 10 288
44 10 289
45 10 290
10 11 291
11 11 292
25 11 293
26 11 294
27 11 295
28 11 296
29 11 297
30 11 298
31 11 299
33 11 300
34 11 301
35 11 302
36 11 303
38 11 304
39 11 305
40 11 306
42 11 307
43 11 308
11 12 309
12 12 310
24 12 311
25 12 312
26 12 313
27 12 314
28 12 315
29 12 316
30 12 317
31 12 318
32 12 319
34 12 320
35 12 321
38 12 322
39 12 323
43 12 324
47 12 325
13 13 326
14 13 327
15 13 328
16 13 329
24 13 330
25 13 331
26 13 332
27 13 333
28 13 334
29 13 335
30 13 336
31 13 337
32 13 338
33 13 339
39 13 340
14 14 341
15 14 342
16 14 343
17 14 344
24 14 345
25 14 346
26 14 347
27 14 348
28 14 349
29 14 350
30 14 351
31 14 352
32 14 353
33 14 354
42 14 355
43 14 356
46 14 357
13 15 358
14 15 359
15 15 360
16 15 361
17 15 362
18 15 363
19 15 364
26 15 365
27 15 366
28 15 367
29 15 368
30 15 369
31 15 370
32 15 371
33 15 372
43 15 373
44 15 374
48 15 375
49 15 376
14 16 377
15 16 378
16 16 379
17 16 380
18 16 381
19 16 382
20 16 383
28 16 384
29 16 385
30 16 386
31 16 387
32 16 388
44 16 389
45 16 390
46 16 391
47 16 392
49 16 393
50 16 394
14 17 395
15 17 396
16 17 397
17 17 398
18 17 399
19 17 400
28 17 401
29 17 402
30 17 403
31 17 404
32 17 405
15 18 406
16 18 407
17 18 408
18 18 409
19 18 410
29 18 411
30 18 412
31 18 413
32 18 414
46 18 415
47 18 416
48 18 417
49 18 418
15 19 419
16 19 420
17 19 421
18 19 422
29 19 423
30 19 424
31 19 425
45 19 426
46 19 427
47 19 428
48 19 429
49 19 430
50 19 431
15 20 432
16 20 433
17 20 434
29 20 435
30 20 436
31 20 437
45 20 438
46 20 439
47 20 440
48 20 441
49 20 442
50 20 443
51 20 444
14 21 445
15 21 446
16 21 447
29 21 448
30 21 449
33 21 450
45 21 451
46 21 452
47 21 453
48 21 454
49 21 455
50 21 456
51 21 457
14 22 458
15 22 459
29 22 460
30 22 461
49 22 462
50 22 463
53 22 464
14 23 465
15 23 466
50 23 467
53 23 468
15 24 469
52 24 470