0 0 0
1 0 1
2 0 2
3 0 3
4 0 4
5 0 5
6 0 6
7 0 7
8 0 8
9 0 9
10 0 10
11 0 11
12 0 12
13 0 13
14 0 14
0 1 15
1 1 16
2 1 17
3 1 18
4 1 19
5 1 20
6 1 21
7 1 22
8 1 23
9 1 24
10 1 25
11 1 26
12 1 27
13 1 28
14 1 29
15 1 30
16 1 31
17 1 32
18 1 33
19 1 34
20 1 35
21 1 36
22 1 37
23 1 38
24 1 39
25 1 40
26 1 41
27 1 42
28 1 43
29 1 44
30 1 45
31 1 46
32 1 47
33 1 48
34 1 49
35 1 50
36 1 51
0 2 52
1 2 53
2 2 54
3 2 55
4 2 56
5 2 57
6 2 58
7 2 59
8 2 60
9 2 61
10 2 62
11 2 63
12 2 64
13 2 65
14 2 66
15 2 67
16 2 68
17 2 69
18 2 70
19 2 71
20 2 72
21 2 73
22 2 74
23 2 75
24 2 76
25 2 77
26 2 78
27 2 79
28 2 80
29 2 81
30 2 82
31 2 83
32 2 84
33 2 85
34 2 86
35 2 87
36 2 88
37 2 89
38 2 90
0 3 91
1 3 92
2 3 93
3 3 94
4 3 95
5 3 96
6 3 97
7 3 98
8 3 99
9 3 100
10 3 101
11 3 102
12 3 103
13 3 104
14 3 105
15 3 106
16 3 107
17 3 108
18 3 109
19 3 110
20 3 111
21 3 112
22 3 113
23 3 114
24 3 115
25 3 116
26 3 117
27 3 118
28 3 119
29 3 120
30 3 121
31 3 122
32 3 123
33 3 124
34 3 125
0 4 126
1 4 127
2 4 128
3 4 129
4 4 130
5 4 131
6 4 132
7 4 133
8 4 134
9 4 135
10 4 136
11 4 137
12 4 138
13 4 139
14 4 140
15 4 141
16 4 142
17 4 143
18 4 144
19 4 145
20 4 146
21 4 147
22 4 148
23 4 149
24 4 150
25 4 151
26 4 152
27 4 153
28 4 154
29 4 155
30 4 156
31 4 157
32 4 158
33 4 159
0 5 160
1 5 161
2 5 162
3 5 163
4 5 164
5 5 165
6 5 166
7 5 167
8 5 168
9 5 169
10 5 170
11 5 171
12 5 172
13 5 173
14 5 174
15 5 175
16 5 176
17 5 177
18 5 178
19 5 179
20 5 180
21 5 181
22 5 182
23 5 183
24 5 184
25 5 185
26 5 186
27 5 187
28 5 188
29 5 189
30 5 190
31 5 191
0 6 192
1 6 193
2 6 194
3 6 195
4 6 196
5 6 197
6 6 198
7 6 199
8 6 200
9 6 201
10 6 202
11 6 203
12 6 204
13 6 205
14 6 206
15 6 207
16 6 208
17 6 209
18 6 210
19 6 211
20 6 212
21 6 213
22 6 214
23 6 215
24 6 216
25 6 217
26 6 218
27 6 219
28 6 220
29 6 221
30 6 222
31 6 223
0 7 224
1 7 225
2 7 226
3 7 227
4 7 228
5 7 229
6 7 230
7 7 231
8 7 232
9 7 233
10 7 234
11 7 235
12 7 236
13 7 237
14 7 238
15 7 239
16 7 240
17 7 241
18 7 242
19 7 243
20 7 244
21 7 245
22 7 246
23 7 247
24 7 248
25 7 249
26 7 250
0 8 251
1 8 252
2 8 253
3 8 254
4 8 255
5 8 256
6 8 257
7 8 258
8 8 259
9 8 260
10 8 261
11 8 262
12 8 263
13 8 264
14 8 265
15 8 266
16 8 267
17 8 268
18 8 269
19 8 270
0 9 271
1 9 272
2 9 273
3 9 274
4 9 275
5 9 276
6 9 277
7 9 278
8 9 279
9 9 280
10 9 281
11 9 282
12 9 283
13 9 284
14 9 285
15 9 286
16 9 287
17 9 288
18 9 289
19 9 290
0 10 291
1 10 292
2 10 293
3 10 294
4 10 295
5 10 296
6 10 297
7 10 298
8 10 299
9 10 300
10 10 301
11 10 302
12 10 303
13 10 304
14 10 305
15 10 306
16 10 307
17 10 308
0 11 309
1 11 310
2 11 311
3 11 312
4 11 313
5 11 314
6 11 315
7 11 316
8 11 317
9 11 318
10 11 319
11 11 320
12 11 321
13 11 322
14 11 323
15 11 324
16 11 325
0 12 326
1 12 327
2 12 328
3 12 329
4 12 330
5 12 331
6 12 332
7 12 333
8 12 334
9 12 335
10 12 336
11 12 337
12 12 338
13 12 339
14 12 340
0 13 341
1 13 342
2 13 343
3 13 344
4 13 345
5 13 346
6 13 347
7 13 348
8 13 349
9 13 350
10 13 351
11 13 352
12 13 353
13 13 354
14 13 355
15 13 356
16 13 357
0 14 358
1 14 359
2 14 360
3 14 361
4 14 362
5 14 363
6 14 364
7 14 365
8 14 366
9 14 367
10 14 368
11 14 369
12 14 370
13 14 371
14 14 372
15 14 373
16 14 374
17 14 375
18 14 376
0 15 377
1 15 378
2 15 379
3 15 380
4 15 381
5 15 382
6 15 383
7 15 384
8 15 385
9 15 386
10 15 387
11 15 388
12 15 389
13 15 390
14 15 391
15 15 392
16 15 393
17 15 394
0 16 395
1 16 396
2 16 397
3 16 398
4 16 399
5 16 400
6 16 401
7 16 402
8 16 403
9 16 404
10 16 405
0 17 406
1 17 407
2 17 408
3 17 409
4 17 410
5 17 411
6 17 412
7 17 413
8 17 414
9 17 415
10 17 416
11 17 417
12 17 418
0 18 419
1 18 420
2 18 421
3 18 422
4 18 423
5 18 424
6 18 425
7 18 426
8 18 427
9 18 428
10 18 429
11 18 430
12 18 431
0 19 432
1 19 433
2 19 434
3 19 435
4 19 436
5 19 437
6 19 438
7 19 439
8 19 440
9 19 441
10 19 442
11 19 443
12 19 444
0 20 445
1 20 446
2 20 447
3 20 448
4 20 449
5 20 450
6 20 451
7 20 452
8 20 453
9 20 454
10 20 455
11 20 456
12 20 457
0 21 458
1 21 459
2 21 460
3 21 461
4 21 462
5 21 463
6 21 464
0 22 465
1 22 466
2 22 467
3 22 468
0 23 469
1 23 470