72.769182 -123.715391
75.100075 -110.707578
79.075086 -102.621641
81.442708 -80.473203
79.403262 -62.895078
81.177141 -52.348203
81.950266 -42.504453
82.144813 -34.770078
81.494861 -20.707578
69.966358 20.425234
69.601912 29.917422
74.359486 86.518984
75.279803 93.901797
76.062669 100.581484
75.977739 110.776797
69.231123 -162.738828
69.966358 -155.004453
69.966358 -146.918516
69.053142 -141.732969
69.178467 -130.834532
69.426970 -122.397032
69.178467 -115.014219
68.927097 -111.147032
68.800329 -106.225157
68.927097 -98.842344
68.285946 -93.217344
68.415645 -87.240782
69.915487 -79.857969
68.927097 -72.123594
73.837279 -54.193907
75.242069 -41.537657
76.930734 -23.256407
64.687705 -17.360218
65.090980 14.009218
66.670702 19.634218
67.759699 27.720156
67.084860 36.860781
71.088562 55.493593
71.979234 71.665468
72.087677 81.860781
73.541080 89.946718
74.787587 95.220156
75.331359 100.845156
76.279311 105.767031
75.508357 111.743593
73.035651 113.852968
72.515170 119.829531
70.392873 129.673281
70.392873 138.813906
70.510506 151.470156
68.810259 163.159609
64.912235 177.405407
61.972898 -163.181453
62.787763 -152.283015
62.903087 -144.372859
63.379574 -136.638484
63.221614 -128.200984
62.581062 -118.357234
62.903087 -110.974422
60.917471 -104.196155
60.746129 -99.977405
61.426014 -96.813343
59.698643 -96.461780
59.875554 -95.055530
58.433774 -74.313343
61.593711 -45.309437
59.619464 7.064340
60.841191 11.810434
63.230189 16.908090
66.369695 24.642465
63.150907 40.462777
64.770871 43.802621
66.501458 52.767465
66.780239 59.095590
67.328451 68.236215
67.864388 78.431527
69.276783 83.704965
70.010468 91.790902
70.834955 97.767465
71.403737 102.337777
71.737156 108.665902
70.485686 116.400277
69.646791 123.431527
69.152023 129.759652
68.900349 136.087777
68.388278 141.712777
67.328451 148.744027
67.055894 156.478402
66.360886 164.564340
66.077361 170.189340
65.059648 177.220590
59.160754 -153.951285
61.086477 -147.623160
61.255998 -141.998160
61.086477 -136.724723
60.399231 -131.099723
59.874080 -124.068473
57.875757 -118.443473
55.759917 -111.41222
56.348847 -105.435660
54.960618 -98.052848
53.313188 -92.427848
52.464745 -85.396598
52.891042 -74.498160
56.736487 -4.185660
57.499918 14.798715
59.874080 36.244027
60.572424 41.869027
60.916043 47.142465
61.255998 53.470590
60.916043 55.931527
60.572424 62.962777
60.399231 69.290902
61.424609 75.267465
62.254142 81.595590
63.132395 87.923715
63.448424 95.306527
63.761003 104.447152
64.223464 110.423715
64.678323 119.564340
64.977386 127.298715
64.678323 136.439340
64.070160 149.095590
63.761003 154.369027
63.290843 160.345590
62.163324 168.783090
58.514216 -135.318473
57.772030 -128.990348
56.435625 -124.068473
54.645713 -119.146598
53.823843 -114.576285
53.615812 -107.896598
52.773364 -100.162223
52.130625 -93.482535
48.542617 -79.420035
50.370521 -73.091910
51.696909 -65.005973
51.914290 -57.623160
53.196657 -7.349723
52.773364 -1.724723
54.236824 9.876840
54.441779 21.478402
55.650166 34.134652
56.240758 41.869027
57.205184 48.548715
58.145057 55.931527
59.060756 63.665902
60.117295 71.048715
60.465751 77.376840
61.151587 84.408090
61.822838 91.790902
61.988397 99.173715
62.153062 106.556527
62.479722 114.642465
62.153062 120.970590
61.988397 127.298715
60.638589 134.329965
59.941671 140.306527
59.049457 144.876840
59.765112 150.853402
50.356504 -126.880973
49.450810 -120.201285
48.760356 -115.630973
47.588200 -110.005973
47.588200 -105.435660
46.146163 -98.755973
45.656867 -92.076285
43.401658 -82.584098
43.401658 -69.927848
46.872025 1.087777
48.760356 6.361215
50.131674 12.337777
50.802987 20.072152
53.183492 28.509652
52.972299 34.486215
52.332489 40.462777
53.183492 45.384652
53.602776 51.361215
54.428999 56.986215
55.037941 62.259652
55.438833 67.181527
55.037941 73.861215
54.428999 80.189340
54.632997 86.165902
54.632997 91.087777
54.428999 96.712777
54.428999 103.392465
54.017939 108.665902
54.223981 116.751840
54.428999 122.376840
54.632997 128.001840
54.017939 133.275277
45.902054 -122.662223
44.414756 -116.685660
44.163098 -111.412223
43.910363 -105.435660
43.145691 -99.459098
42.371332 -92.779410
41.323823 -85.045035
39.720501 -76.607535
41.323823 -5.943473
43.145691 2.845590
45.410602 9.876840
46.146163 15.150277
46.146163 22.533090
48.528068 35.189340
48.991575 40.814340
47.824776 46.439340
48.060279 52.415902
48.991575 58.392465
48.528068 64.017465
48.760356 69.290902
49.678829 74.915902
48.760356 80.189340
48.991575 86.517465
48.991575 93.548715
49.450810 98.470590
50.131674 105.150277
50.342483 113.411996
51.451100 119.388559
52.103640 124.661996
52.319060 130.638559
44.899274 133.099496
43.385692 142.943246
36.664677 -122.134879
36.382157 -117.213004
37.784395 -111.588004
37.784395 -105.963004
40.242431 -98.580191
39.432590 -90.494254
36.946164 -79.595816
36.382157 -6.822379
38.061720 -1.900504
41.570872 14.622934
38.337997 22.357309
38.061720 29.388559
38.337997 35.365121
38.613226 40.638559
39.160524 46.615121
39.973545 55.404184
40.510253 62.083871
41.042699 67.357309
42.355097 73.685434
43.385692 78.958871
43.129657 85.286996
43.640650 96.185434
43.640650 104.974496
43.640650 113.763559
40.777009 118.333871
36.098607 127.122934
38.337997 140.833871
33.793532 -117.564566
33.207214 -111.939566
32.022751 -104.908316
31.124206 -96.822379
30.822775 -88.033316
33.500869 -5.416129
32.616941 37.474496
32.616941 45.560434
35.528430 56.107309
36.382157 60.677621
34.375863 65.247934
32.320334 73.685434
31.124206 82.122934
32.616941 87.747934
33.500869 95.482309
33.207214 101.810434
35.241809 108.490121
34.665522 113.763559
32.912569 117.982309
34.085198 134.505746
28.994452 -115.455191
30.822775 -107.017691
31.424683 -90.142691
28.994452 -9.283316
28.994452 -0.845816
30.520395 7.240121
29.607615 17.083871
27.445651 27.630746
31.424683 38.177621
31.724199 44.857309
38.613226 48.724496
39.160524 57.161996
37.506025 63.841684
35.241809 70.169809
31.424683 77.552621
27.445651 86.341684
28.067864 93.372934
27.757202 98.646371
28.994452 109.896371
29.607615 116.927621
26.190691 -108.072379
24.282775 -100.338004
23.317796 -13.853629
22.020221 -7.173941
21.366900 -0.142691
19.720951 8.646371
20.381453 19.193246
20.051549 27.279184
18.391804 34.310434
22.345761 39.232309
23.317796 42.747934
23.961913 47.669809
21.836775 55.931527
22.812394 70.345590
22.812394 78.431527
20.854453 85.814340
19.865673 95.658090
18.204049 104.095590
18.204049 -102.271598
16.526426 -89.263785
19.203023 -15.084098
20.195968 -8.755973
19.534688 -3.482535
17.534849 3.548715
17.199314 16.556527
16.189095 22.181527
15.512710 28.158090
14.493992 33.431527
14.153359 38.353402
14.153359 43.978402
15.173679 51.712777
14.834102 74.212777
14.834102 81.244027
12.099220 106.556527
23.136070 120.970590
6.550840 -78.013785
6.899983 -72.037223
6.899983 -67.115348
7.248869 -61.841910
13.470570 -14.732535
13.128436 -8.052848
13.128436 -2.779410
12.785826 4.251840
11.755248 10.228402
12.099220 16.556527
11.755248 21.829965
10.375177 27.454965
9.682800 32.376840
8.293854 41.165902
10.720798 78.079965
-0.817625 -75.552848
-1.520600 -69.224723
-1.520600 -63.599723
-0.839596 -55.928453
6.179609 -10.225328
5.829976 -3.545641
7.575704 2.430922
6.878169 8.407484
6.179609 15.087172
6.529011 21.766859
5.829976 27.391859
4.779820 30.204359
4.429393 36.884047
3.728053 44.266859
-1.191102 102.274672
2.323799 115.985609
7.227071 124.774672
-8.194360 -78.780016
-9.930161 -73.330797
-10.622003 -68.057360
-11.312282 -62.432360
-12.000901 -54.346422
-10.622003 -45.557360
-6.450953 -42.744860
6.179609 5.419203
6.179609 12.098890
4.779820 17.020765
4.429393 22.645765
2.675027 27.919203
1.972485 33.544203
0.566615 37.411390
-0.136501 43.387953
-8.194360 107.723890
-2.596549 114.403578
-2.947700 132.860609
-4.701528 138.485609
-16.092524 -71.397203
-17.438961 -66.475328
-17.774054 -61.553453
-16.092524 -56.631578
-13.030511 -49.951891
-10.276271 -43.623766
-7.846236 -37.295641
-2.245301 11.923109
-2.245301 16.844984
-0.136501 22.821547
0.215061 29.149672
-2.596549 35.829359
-8.542178 112.469984
-20.924754 115.599918
-20.760476 119.642887
-21.580057 125.443668
-20.760476 141.263981
-21.252770 148.646793
-20.420753 -69.727995
-19.925762 -65.333464
-19.429215 -59.884245
-19.429215 -54.435026
-19.594902 -50.040495
-20.255931 -42.833464
-8.142779 13.673847
-7.968732 19.298847
-7.446155 25.275410
-7.446155 30.373066
-8.142779 36.876972
-30.388812 -69.470684
-29.474815 -64.900372
-29.168294 -61.384747
-29.168294 -54.705059
-29.168294 -50.837872
-15.217213 13.849628
-16.569669 20.177753
-16.906336 27.912128
-18.246897 34.591816
-17.563879 124.518500
-16.555614 129.440375
-14.182881 134.713813
-15.203063 143.151313
-37.652051 -71.301812
-38.206650 -67.083062
-38.757055 -61.809625
-39.030679 -57.590875
-18.899498 13.776313
-16.555614 24.323188
-17.898740 33.815375
-22.190933 117.838813
-20.882903 123.112250
-19.894306 129.088813
-19.563381 133.659125
-21.538391 138.581000
-23.164067 145.612250
-40.382931 -72.356500
-41.970492 -68.137750
-42.231339 -63.919000
-24.770244 15.182563
-24.770244 23.971625
-23.808936 32.760688
-27.609047 115.729438
-27.920134 120.651313
-27.920134 125.573188
-26.984224 132.252875
-26.984224 137.526313
-27.297075 142.799750
-28.848011 149.127875
-47.460385 -72.708062
-47.460385 -69.544000
-47.933619 -66.379937
-28.230327 15.534125
-29.155489 28.190375
-20.882903 46.120063
-33.654380 117.135688
-31.880793 122.409125
-30.980876 127.682563
-30.376163 132.604438
-30.376163 138.229438
-30.980876 144.206000
-32.178838 149.831000
-49.783724 -73.762750
-51.126604 -69.895562
-32.475910 19.401313
-33.654380 26.784125
-36.530357 141.393500
-36.812335 148.073188
-39.845212 175.495063
-53.906583 -73.411187
-53.906583 -68.137750
-42.749810 147.370063
-45.524414 169.870063
-55.729256 -67.786187
-46.501015 167.760688
