72.769182 -123.715391 9 2
75.100075 -110.707578 11 2
79.075086 -102.621641 12 2
81.442708 -80.473203 14 2
79.403262 -62.895078 19 2
81.177141 -52.348203 20 2
81.950266 -42.504453 21 2
82.144813 -34.770078 22 2
81.494861 -20.707578 23 2
69.966358 20.425234 31 2
69.601912 29.917422 32 2
74.359486 86.518984 42 2
75.279803 93.901797 43 2
76.062669 100.581484 44 2
75.977739 110.776797 45 2
69.231123 -162.738828 2 3
69.966358 -155.004453 3 3
69.966358 -146.918516 4 3
69.053142 -141.732969 5 3
69.178467 -130.834532 7 3
69.426970 -122.397032 8 3
69.178467 -115.014219 9 3
68.927097 -111.147032 10 3
68.800329 -106.225157 11 3
68.927097 -98.842344 12 3
68.285946 -93.217344 13 3
68.415645 -87.240782 14 3
69.915487 -79.857969 15 3
68.927097 -72.123594 16 3
73.837279 -54.193907 20 3
75.242069 -41.537657 21 3
76.930734 -23.256407 22 3
64.687705 -17.360218 25 3
65.090980 14.009218 30 3
66.670702 19.634218 31 3
67.759699 27.720156 32 3
67.084860 36.860781 33 3
71.088562 55.493593 39 3
71.979234 71.665468 40 3
72.087677 81.860781 41 3
73.541080 89.946718 42 3
74.787587 95.220156 43 3
75.331359 100.845156 44 3
76.279311 105.767031 45 3
75.508357 111.743593 46 3
73.035651 113.852968 47 3
72.515170 119.829531 48 3
70.392873 129.673281 49 3
70.392873 138.813906 50 3
70.510506 151.470156 51 3
68.810259 163.159609 52 3
64.912235 177.405407 53 3
61.972898 -163.181453 2 4
62.787763 -152.283015 3 4
62.903087 -144.372859 4 4
63.379574 -136.638484 5 4
63.221614 -128.200984 6 4
62.581062 -118.357234 7 4
62.903087 -110.974422 8 4
60.917471 -104.196155 9 4
60.746129 -99.977405 10 4
61.426014 -96.813343 11 4
59.698643 -96.461780 12 4
59.875554 -95.055530 13 4
58.433774 -74.313343 17 4
61.593711 -45.309437 20 4
59.619464 7.064340 29 4
60.841191 11.810434 30 4
63.230189 16.908090 31 4
66.369695 24.642465 32 4
63.150907 40.462777 34 4
64.770871 43.802621 35 4
66.501458 52.767465 36 4
66.780239 59.095590 37 4
67.328451 68.236215 38 4
67.864388 78.431527 39 4
69.276783 83.704965 40 4
70.010468 91.790902 41 4
70.834955 97.767465 42 4
71.403737 102.337777 43 4
71.737156 108.665902 44 4
70.485686 116.400277 45 4
69.646791 123.431527 46 4
69.152023 129.759652 47 4
68.900349 136.087777 48 4
68.388278 141.712777 49 4
67.328451 148.744027 50 4
67.055894 156.478402 51 4
66.360886 164.564340 52 4
66.077361 170.189340 53 4
65.059648 177.220590 54 4
59.160754 -153.951285 3 5
61.086477 -147.623160 4 5
61.255998 -141.998160 5 5
61.086477 -136.724723 6 5
60.399231 -131.099723 7 5
59.874080 -124.068473 8 5
57.875757 -118.443473 9 5
55.759917 -111.41222 10 5
56.348847 -105.435660 11 5
54.960618 -98.052848 12 5
53.313188 -92.427848 13 5
52.464745 -85.396598 14 5
52.891042 -74.498160 16 5
56.736487 -4.185660 26 5
57.499918 14.798715 30 5
59.874080 36.244027 32 5
60.572424 41.869027 33 5
60.916043 47.142465 34 5
61.255998 53.470590 35 5
60.916043 55.931527 36 5
60.572424 62.962777 37 5
60.399231 69.290902 38 5
61.424609 75.267465 39 5
62.254142 81.595590 40 5
63.132395 87.923715 41 5
63.448424 95.306527 42 5
63.761003 104.447152 43 5
64.223464 110.423715 44 5
64.678323 119.564340 45 5
64.977386 127.298715 46 5
64.678323 136.439340 47 5
64.070160 149.095590 48 5
63.761003 154.369027 49 5
63.290843 160.345590 50 5
62.163324 168.783090 51 5
58.514216 -135.318473 7 6
57.772030 -128.990348 8 6
56.435625 -124.068473 9 6
54.645713 -119.146598 10 6
53.823843 -114.576285 11 6
53.615812 -107.896598 12 6
52.773364 -100.162223 13 6
52.130625 -93.482535 14 6
48.542617 -79.420035 15 6
50.370521 -73.091910 16 6
51.696909 -65.005973 17 6
51.914290 -57.623160 18 6
53.196657 -7.349723 25 6
52.773364 -1.724723 26 6
54.236824 9.876840 29 6
54.441779 21.478402 31 6
55.650166 34.134652 32 6
56.240758 41.869027 33 6
57.205184 48.548715 34 6
58.145057 55.931527 35 6
59.060756 63.665902 36 6
60.117295 71.048715 37 6
60.465751 77.376840 38 6
61.151587 84.408090 39 6
61.822838 91.790902 40 6
61.988397 99.173715 41 6
62.153062 106.556527 42 6
62.479722 114.642465 43 6
62.153062 120.970590 44 6
61.988397 127.298715 45 6
60.638589 134.329965 46 6
59.941671 140.306527 47 6
59.049457 144.876840 48 6
59.765112 150.853402 49 6
50.356504 -126.880973 8 7
49.450810 -120.201285 9 7
48.760356 -115.630973 10 7
47.588200 -110.005973 11 7
47.588200 -105.435660 12 7
46.146163 -98.755973 13 7
45.656867 -92.076285 14 7
43.401658 -82.584098 15 7
43.401658 -69.927848 16 7
46.872025 1.087777 27 7
48.760356 6.361215 28 7
50.131674 12.337777 29 7
50.802987 20.072152 30 7
53.183492 28.509652 31 7
52.972299 34.486215 32 7
52.332489 40.462777 33 7
53.183492 45.384652 34 7
53.602776 51.361215 35 7
54.428999 56.986215 36 7
55.037941 62.259652 37 7
55.438833 67.181527 38 7
55.037941 73.861215 39 7
54.428999 80.189340 40 7
54.632997 86.165902 41 7
54.632997 91.087777 42 7
54.428999 96.712777 43 7
54.428999 103.392465 44 7
54.017939 108.665902 45 7
54.223981 116.751840 46 7
54.428999 122.376840 47 7
54.632997 128.001840 48 7
54.017939 133.275277 49 7
45.902054 -122.662223 9 8
44.414756 -116.685660 10 8
44.163098 -111.412223 11 8
43.910363 -105.435660 12 8
43.145691 -99.459098 13 8
42.371332 -92.779410 14 8
41.323823 -85.045035 15 8
39.720501 -76.607535 16 8
41.323823 -5.943473 26 8
43.145691 2.845590 27 8
45.410602 9.876840 28 8
46.146163 15.150277 29 8
46.146163 22.533090 30 8
48.528068 35.189340 31 8
48.991575 40.814340 32 8
47.824776 46.439340 33 8
48.060279 52.415902 34 8
48.991575 58.392465 35 8
48.528068 64.017465 36 8
48.760356 69.290902 37 8
49.678829 74.915902 38 8
48.760356 80.189340 39 8
48.991575 86.517465 40 8
48.991575 93.548715 41 8
49.450810 98.470590 42 8
50.131674 105.150277 43 8
50.342483 113.411996 44 8
51.451100 119.388559 45 8
52.103640 124.661996 46 8
52.319060 130.638559 47 8
44.899274 133.099496 48 8
43.385692 142.943246 51 8
36.664677 -122.134879 9 9
36.382157 -117.213004 10 9
37.784395 -111.588004 11 9
37.784395 -105.963004 12 9
40.242431 -98.580191 13 9
39.432590 -90.494254 14 9
36.946164 -79.595816 15 9
36.382157 -6.822379 26 9
38.061720 -1.900504 27 9
41.570872 14.622934 29 9
38.337997 22.357309 31 9
38.061720 29.388559 33 9
38.337997 35.365121 34 9
38.613226 40.638559 35 9
39.160524 46.615121 36 9
39.973545 55.404184 37 9
40.510253 62.083871 38 9
41.042699 67.357309 39 9
42.355097 73.685434 40 9
43.385692 78.958871 41 9
43.129657 85.286996 42 9
43.640650 96.185434 43 9
43.640650 104.974496 44 9
43.640650 113.763559 45 9
40.777009 118.333871 46 9
36.098607 127.122934 48 9
38.337997 140.833871 51 9
33.793532 -117.564566 10 10
33.207214 -111.939566 11 10
32.022751 -104.908316 12 10
31.124206 -96.822379 13 10
30.822775 -88.033316 14 10
33.500869 -5.416129 27 10
32.616941 37.474496 34 10
32.616941 45.560434 35 10
35.528430 56.107309 36 10
36.382157 60.677621 37 10
34.375863 65.247934 38 10
32.320334 73.685434 39 10
31.124206 82.122934 40 10
32.616941 87.747934 41 10
33.500869 95.482309 42 10
33.207214 101.810434 43 10
35.241809 108.490121 44 10
34.665522 113.763559 45 10
32.912569 117.982309 46 10
34.085198 134.505746 50 10
28.994452 -115.455191 10 11
30.822775 -107.017691 11 11
31.424683 -90.142691 12 11
28.994452 -9.283316 27 11
28.994452 -0.845816 28 11
30.520395 7.240121 29 11
29.607615 17.083871 30 11
27.445651 27.630746 31 11
31.424683 38.177621 33 11
31.724199 44.857309 34 11
38.613226 48.724496 35 11
39.160524 57.161996 38 11
37.506025 63.841684 39 11
35.241809 70.169809 40 11
31.424683 77.552621 41 11
27.445651 86.341684 42 11
28.067864 93.372934 43 11
27.757202 98.646371 44 11
28.994452 109.896371 45 11
29.607615 116.927621 46 11
26.190691 -108.072379 11 12
24.282775 -100.338004 12 12
23.317796 -13.853629 26 12
22.020221 -7.173941 27 12
21.366900 -0.142691 28 12
19.720951 8.646371 29 12
20.381453 19.193246 30 12
20.051549 27.279184 31 12
18.391804 34.310434 32 12
22.345761 39.232309 34 12
23.317796 42.747934 35 12
23.961913 47.669809 36 12
21.836775 55.931527 37 12
22.812394 70.345590 39 12
22.812394 78.431527 40 12
20.854453 85.814340 41 12
19.865673 95.658090 43 12
18.204049 104.095590 44 12
18.204049 -102.271598 12 13
16.526426 -89.263785 13 13
19.203023 -15.084098 25 13
20.195968 -8.755973 26 13
19.534688 -3.482535 27 13
17.534849 3.548715 28 13
17.199314 16.556527 29 13
16.189095 22.181527 30 13
15.512710 28.158090 31 13
14.493992 33.431527 32 13
14.153359 38.353402 33 13
14.153359 43.978402 35 13
15.173679 51.712777 36 13
14.834102 74.212777 39 13
14.834102 81.244027 40 13
12.099220 106.556527 44 13
23.136070 120.970590 48 13
6.550840 -78.013785 14 14
6.899983 -72.037223 15 14
6.899983 -67.115348 16 14
7.248869 -61.841910 17 14
13.470570 -14.732535 25 14
13.128436 -8.052848 26 14
13.128436 -2.779410 27 14
12.785826 4.251840 28 14
11.755248 10.228402 29 14
12.099220 16.556527 30 14
11.755248 21.829965 31 14
10.375177 27.454965 32 14
9.682800 32.376840 33 14
8.293854 41.165902 34 14
10.720798 78.079965 40 14
-0.817625 -75.552848 15 15
-1.520600 -69.224723 16 15
-1.520600 -63.599723 17 15
-0.839596 -55.928453 18 15
6.179609 -10.225328 25 15
5.829976 -3.545641 26 15
7.575704 2.430922 27 15
6.878169 8.407484 28 15
6.179609 15.087172 29 15
6.529011 21.766859 30 15
5.829976 27.391859 31 15
4.779820 30.204359 32 15
4.429393 36.884047 33 15
3.728053 44.266859 34 15
-1.191102 102.274672 43 15
2.323799 115.985609 44 15
7.227071 124.774672 47 15
-8.194360 -78.780016 14 16
-9.930161 -73.330797 15 16
-10.622003 -68.057360 16 16
-11.312282 -62.432360 17 16
-12.000901 -54.346422 18 16
-10.622003 -45.557360 19 16
-6.450953 -42.744860 20 16
6.179609 5.419203 27 16
6.179609 12.098890 28 16
4.779820 17.020765 29 16
4.429393 22.645765 30 16
2.675027 27.919203 31 16
1.972485 33.544203 32 16
0.566615 37.411390 33 16
-0.136501 43.387953 34 16
-8.194360 107.723890 44 16
-2.596549 114.403578 45 16
-2.947700 132.860609 49 16
-4.701528 138.485609 50 16
-16.092524 -71.397203 15 17
-17.438961 -66.475328 16 17
-17.774054 -61.553453 17 17
-16.092524 -56.631578 18 17
-13.030511 -49.951891 19 17
-10.276271 -43.623766 20 17
-7.846236 -37.295641 21 17
-2.245301 11.923109 29 17
-2.245301 16.844984 30 17
-0.136501 22.821547 31 17
0.215061 29.149672 32 17
-2.596549 35.829359 33 17
-8.542178 112.469984 45 17
-20.924754 115.599918 46 17
-20.760476 119.642887 47 17
-21.580057 125.443668 48 17
-20.760476 141.263981 50 17
-21.252770 148.646793 51 17
-20.420753 -69.727995 15 18
-19.925762 -65.333464 16 18
-19.429215 -59.884245 17 18
-19.429215 -54.435026 18 18
-19.594902 -50.040495 19 18
-20.255931 -42.833464 20 18
-8.142779 13.673847 29 18
-7.968732 19.298847 30 18
-7.446155 25.275410 31 18
-7.446155 30.373066 32 18
-8.142779 36.876972 33 18
-30.388812 -69.470684 16 19
-29.474815 -64.900372 17 19
-29.168294 -61.384747 18 19
-29.168294 -54.705059 19 19
-29.168294 -50.837872 20 19
-15.217213 13.849628 30 19
-16.569669 20.177753 31 19
-16.906336 27.912128 32 19
-18.246897 34.591816 33 19
-17.563879 124.518500 47 19
-16.555614 129.440375 48 19
-14.182881 134.713813 49 19
-15.203063 143.151313 50 19
-37.652051 -71.301812 16 20
-38.206650 -67.083062 17 20
-38.757055 -61.809625 18 20
-39.030679 -57.590875 19 20
-18.899498 13.776313 30 20
-16.555614 24.323188 31 20
-17.898740 33.815375 32 20
-22.190933 117.838813 46 20
-20.882903 123.112250 47 20
-19.894306 129.088813 48 20
-19.563381 133.659125 49 20
-21.538391 138.581000 50 20
-23.164067 145.612250 51 20
-40.382931 -72.356500 16 21
-41.970492 -68.137750 17 21
-42.231339 -63.919000 18 21
-24.770244 15.182563 30 21
-24.770244 23.971625 31 21
-23.808936 32.760688 32 21
-27.609047 115.729438 46 21
-27.920134 120.651313 47 21
-27.920134 125.573188 48 21
-26.984224 132.252875 49 21
-26.984224 137.526313 50 21
-27.297075 142.799750 51 21
-28.848011 149.127875 52 21
-47.460385 -72.708062 15 22
-47.460385 -69.544000 16 22
-47.933619 -66.379937 17 22
-28.230327 15.534125 30 22
-29.155489 28.190375 31 22
-20.882903 46.120063 34 22
-33.654380 117.135688 46 22
-31.880793 122.409125 47 22
-30.980876 127.682563 48 22
-30.376163 132.604438 49 22
-30.376163 138.229438 50 22
-30.980876 144.206000 51 22
-32.178838 149.831000 52 22
-49.783724 -73.762750 15 23
-51.126604 -69.895562 16 23
-32.475910 19.401313 30 23
-33.654380 26.784125 31 23
-36.530357 141.393500 50 23
-36.812335 148.073188 51 23
-39.845212 175.495063 54 23
-53.906583 -73.411187 15 24
-53.906583 -68.137750 16 24
-42.749810 147.370063 51 24
-45.524414 169.870063 54 24
-55.729256 -67.786187 16 25
-46.501015 167.760688 53 25
