72.769182 -123.715391 0 
75.100075 -110.707578 1 
79.075086 -102.621641 2 
81.442708 -80.473203 3 
79.403262 -62.895078 4 
81.177141 -52.348203 5 
81.950266 -42.504453 6 
82.144813 -34.770078 7 
81.494861 -20.707578 8 
69.966358 20.425234 9 
69.601912 29.917422 10 
74.359486 86.518984 11 
75.279803 93.901797 12 
76.062669 100.581484 13
 75.977739 110.776797 14
 69.231123 -162.738828 15 
69.966358 -155.004453 16 
69.966358 -146.918516 17 
69.053142 -141.732969 18 
69.178467 -130.834532 19 
69.426970 -122.397032 20 
69.178467 -115.014219 21 
68.927097 -111.147032 22 
68.800329 -106.225157 23 
68.927097 -98.842344 24 
68.285946 -93.217344 25 
68.415645 -87.240782 26 
69.915487 -79.857969 27 
68.927097 -72.123594 28 
73.837279 -54.193907 29 
75.242069 -41.537657 30
 76.930734 -23.256407 31 
64.687705, -17.360218 32
 65.090980 14.009218 33 
66.670702 19.634218 34 
67.759699 27.720156 35
 67.084860 36.860781 36 
71.088562 55.493593 37 
71.979234 71.665468 38 
72.087677 81.860781 39 
73.541080 89.946718 40 
74.787587 95.220156 41 
75.331359 100.845156 42 
76.279311 105.767031 43 
75.508357 111.743593 44 
73.035651 113.852968 45 
72.515170 119.829531 46 
70.392873 129.673281 47 
70.392873 138.813906 48 
70.510506 151.470156 49 
68.810259 163.159609 50 
64.912235, 177.405407 51 
61.972898 -163.181453 52 
62.787763 -152.283015 53 
62.903087 -144.372859 54 
63.379574 -136.638484 55 
63.221614 -128.200984 56 
62.581062 -118.357234 57 
62.903087 -110.974422 58 
60.917471 -104.196155 59 
60.746129 -99.977405 60
 61.426014 -96.813343 61
 59.698643 -96.461780 62
 59.875554 -95.055530 63
 58.433774 -74.313343 64
 61.593711 -45.309437 65
 59.619464 7.064340 66 
60.841191 11.810434 67 
63.230189 16.908090 68 
66.369695 24.642465 69 
63.150907 40.462777 70 
64.770871 43.802621 71 
66.501458 52.767465 72 
66.780239 59.095590 73 
67.328451 68.236215 74 
67.864388 78.431527 75
 69.276783 83.704965 76
 70.010468 91.790902 77
 70.834955 97.767465 78
 71.403737 102.337777 79
 71.737156 108.665902 80 
70.485686 116.400277 81 
69.646791 123.431527 82 
69.152023 129.759652 83 
68.900349 136.087777 84 
68.388278 141.712777 85 
67.328451 148.744027 86 
67.055894 156.478402 87 
66.360886 164.564340 88 
66.077361 170.189340 89 
65.059648 177.220590 90 
59.160754 -153.951285 91
 61.086477 -147.623160 92
 61.255998 -141.998160 93
 61.086477 -136.724723 94
 60.399231 -131.099723 95
 59.874080 -124.068473 96
 57.875757 -118.443473 97
 55.759917 -111.41222 98
 56.348847 -105.435660 99
 54.960618 -98.052848 100 
53.313188 -92.427848 101 
52.464745 -85.396598 102 
52.891042 -74.498160 103 
56.736487 -4.185660 104
 57.499918 14.798715 105
 59.874080 36.244027 106
 60.572424 41.869027 107
 60.916043 47.142465 108
 61.255998 53.470590 109
 60.916043 55.931527 110
 60.572424 62.962777 111
 60.399231 69.290902 112
 61.424609 75.267465 113
 62.254142 81.595590 114
 63.132395 87.923715 115
 63.448424 95.306527 116
 63.761003 104.447152 117
 64.223464 110.423715 118
 64.678323 119.564340 119
 64.977386 127.298715 120
 64.678323 136.439340 121
 64.070160 149.095590 122
 63.761003 154.369027 123
 63.290843 160.345590 124
 62.163324 168.783090 125
 58.514216 -135.318473 126 
57.772030 -128.990348 127 
56.435625 -124.068473 128 
54.645713 -119.146598 129 
53.823843 -114.576285 130 
53.615812 -107.896598 131 
52.773364 -100.162223 132 
52.130625 -93.482535 133
 48.542617 -79.420035 134
 50.370521 -73.091910 135
 51.696909 -65.005973 136
 51.914290 -57.623160 137
 53.196657 -7.349723 138
 52.773364 -1.724723 139
 54.236824 9.876840 140
 54.441779 21.478402 141
 55.650166 34.134652 142
 56.240758 41.869027 143
 57.205184 48.548715 144
 58.145057 55.931527 145
 59.060756 63.665902 146
 60.117295 71.048715 147
 60.465751 77.376840 148
 61.151587 84.408090 149
 61.822838 91.790902 150
 61.988397 99.173715 151
 62.153062, 106.556527 152
 62.479722 114.642465 153 
62.153062 120.970590 154 
61.988397 127.298715 155 
60.638589 134.329965 156 
59.941671 140.306527 157 
59.049457 144.876840 158 
59.765112 150.853402 159 
50.356504 -126.880973 160 
49.450810 -120.201285 161 
48.760356 -115.630973 162 
47.588200 -110.005973 163 
47.588200 -105.435660 164 
46.146163 -98.755973 165 
45.656867 -92.076285 166 
43.401658 -82.584098 167 
43.401658 -69.927848 168 
46.872025 1.087777 169 
48.760356 6.361215 170 
50.131674 12.337777 171 
50.802987 20.072152 172 
53.183492 28.509652 173 
52.972299 34.486215 174 
52.332489 40.462777 175 
53.183492 45.384652 176 
53.602776 51.361215 177 
54.428999 56.986215 178 
55.037941 62.259652 179 
55.438833 67.181527 180 
55.037941 73.861215 181 
54.428999 80.189340 182 
54.632997 86.165902 183 
54.632997 91.087777 184 
54.428999 96.712777 185 
54.428999 103.392465 186 
54.017939 108.665902 187 
54.223981 116.751840 188 
54.428999 122.376840 189 
54.632997 128.001840 190 
54.017939 133.275277 191 
45.902054 -122.662223 192 
44.414756 -116.685660 193 
44.163098 -111.412223 194 
43.910363 -105.435660 195 
43.145691 -99.459098 196 
42.371332 -92.779410 197 
41.323823 -85.045035 198 
39.720501 -76.607535 199 
41.323823 -5.943473 200 
43.145691 2.845590 201
 45.410602 9.876840 202
 46.146163 15.150277 203
 46.146163 22.533090 204
 48.528068 35.189340 205
 48.991575 40.814340 206
 47.824776 46.439340 207
 48.060279 52.415902 208
 48.991575 58.392465 209
 48.528068 64.017465 210
 48.760356 69.290902 211
 49.678829 74.915902 212
 48.760356 80.189340 213
 48.991575 86.517465 214
 48.991575 93.548715 215
 49.450810 98.470590 216
 50.131674 105.150277 217 
50.342483 113.411996 218 
51.451100 119.388559 219 
52.103640 124.661996 220 
52.319060 130.638559 221 
44.899274 133.099496 222 
43.385692 142.943246 223 
36.664677 -122.134879 224 
36.382157 -117.213004 225 
37.784395 -111.588004 226 
37.784395 -105.963004 227 
40.242431 -98.580191 228
 39.432590 -90.494254 229
 36.946164 -79.595816 230
 36.382157 -6.822379 231
 38.061720 -1.900504 232
 41.570872 14.622934 233
 38.337997 22.357309 234
 38.061720 29.388559 235
 38.337997 35.365121 236
 38.613226 40.638559 237
 39.160524 46.615121 238
 39.973545 55.404184 239
 40.510253 62.083871 240
 41.042699 67.357309 241
 42.355097 73.685434 242
 43.385692 78.958871 243
 43.129657 85.286996 244
 43.640650 96.185434 245
 43.640650 104.974496 246 
43.640650 113.763559 247 
40.777009 118.333871 248 
36.098607 127.122934 249 
38.337997 140.833871 250 
33.793532 -117.564566 251
 33.207214 -111.939566 252
 32.022751 -104.908316 253
 31.124206 -96.822379 254 
30.822775 -88.033316 255 
33.500869 -5.416129 256 
32.616941 37.474496 257 
32.616941 45.560434 258 
35.528430 56.107309 259 
36.382157 60.677621 260 
34.375863 65.247934 261 
32.320334 73.685434 262 
31.124206 82.122934 263 
32.616941 87.747934 264 
33.500869 95.482309 265 
33.207214 101.810434 266
 35.241809 108.490121 267
 34.665522 113.763559 268
 32.912569 117.982309 269
 34.085198 134.505746 270
 28.994452 -115.455191 271
 30.822775 -107.017691 272
 31.424683 -90.142691 273
 28.994452 -9.283316 274
 28.994452 -0.845816 275
 30.520395 7.240121 276 
29.607615 17.083871 277
 27.445651 27.630746 278 
31.424683 38.177621 279 
31.724199 44.857309 280 
38.613226 48.724496 281 
39.160524 57.161996 282 
37.506025 63.841684 283
 35.241809 70.169809 284
 31.424683 77.552621 285
 27.445651 86.341684 286
 28.067864 93.372934 287
 27.757202 98.646371 288
 28.994452 109.896371 289
 29.607615 116.927621 290 
26.190691 -108.072379 291
 24.282775 -100.338004 292 
23.317796 -13.853629 293
 22.020221 -7.173941 294 
21.366900 -0.142691 295 
19.720951 8.646371 296 
20.381453 19.193246 297 
20.051549 27.279184 298 
18.391804 34.310434 299 
22.345761 39.232309 300 
23.317796 42.747934 301 
23.961913 47.669809 302 
21.836775 55.931527 303 
22.812394 70.345590 304 
22.812394 78.431527 305 
20.854453 85.814340 306 
19.865673 95.658090 307 
18.204049 104.095590 308
 18.204049 -102.271598 309
 16.526426 -89.263785 310 
19.203023 -15.084098 311 
20.195968 -8.755973 312 
19.534688 -3.482535 313 
17.534849 3.548715 314 
17.199314 16.556527 315 
16.189095 22.181527 316 
15.512710 28.158090 317 
14.493992 33.431527 318 
14.153359 38.353402 319 
14.153359 43.978402 320 
15.173679 51.712777 321 
14.834102 74.212777 322 
14.834102 81.244027 323 
12.099220 106.556527 324
 23.136070 120.970590 325
 6.550840 -78.013785 326 
6.899983 -72.037223 327 
6.899983 -67.115348 328 
7.248869 -61.841910 329 
13.470570 -14.732535 330 
13.128436 -8.052848 331
 13.128436 -2.779410 332
 12.785826 4.251840 333 
11.755248 10.228402 334 
12.099220 16.556527 335 
11.755248 21.829965 336 
10.375177 27.454965 337 
9.682800 32.376840 338 
8.293854 41.165902 339 
10.720798 78.079965 340
 -0.817625 -75.552848 341 
-1.520600 -69.224723 342 
-1.520600, -63.599723 343 
-0.839596 -55.928453 344 
6.179609 -10.225328 345 
5.829976 -3.545641 346 
7.575704 2.430922 347 
6.878169 8.407484 348 
6.179609 15.087172 349
 6.529011 21.766859 350 
5.829976 27.391859 351 
4.779820 30.204359 352 
4.429393 36.884047 353 
3.728053 44.266859 354 
-1.191102 102.274672 355
 2.323799 115.985609 356
 7.227071 124.774672 357
 -8.194360 -78.780016 358
 -9.930161 -73.330797 359
 -10.622003 -68.057360 360
 -11.312282 -62.432360 361
 -12.000901 -54.346422 362
 -10.622003 -45.557360 363
 -6.450953 -42.744860 364 
6.179609 5.419203 365 
6.179609 12.098890 366 
4.779820 17.020765 367
 4.429393 22.645765 368
 2.675027 27.919203 369
 1.972485 33.544203 370
 0.566615 37.411390 371
 -0.136501 43.387953 372
 -8.194360 107.723890 373
 -2.596549 114.403578 374
 -2.947700 132.860609 375
 -4.701528 138.485609 376
 -16.092524 -71.397203 377
 -17.438961 -66.475328 378
 -17.774054 -61.553453 379
 -16.092524 -56.631578 380
 -13.030511 -49.951891 381
 -10.276271 -43.623766 382
 -7.846236 -37.295641 383 
-2.245301 11.923109 384
 -2.245301 16.844984 385
 -0.136501 22.821547 386
 0.215061 29.149672 387
 -2.596549 35.829359 388 
-8.542178 112.469984 389 
-20.924754 115.599918 390
 -20.760476 119.642887 391
 -21.580057 125.443668 392
 -20.760476 141.263981 393
 -21.252770 148.646793 394
 -20.420753 -69.727995 395
 -19.925762 -65.333464 396
 -19.429215 -59.884245 397
 -19.429215 -54.435026 398
 -19.594902 -50.040495 399 
-20.255931 -42.833464 400 
-8.142779 13.673847 401 
-7.968732 19.298847 402 
-7.446155 25.275410 403 
-7.446155 30.373066 404 
-8.142779 36.876972 405 
-30.388812 -69.470684 406 
-29.474815 -64.900372 407 
-29.168294 -61.384747 408 
-29.168294 -54.705059 409 
-29.168294 -50.837872 410 
-15.217213 13.849628 411
 -16.569669 20.177753 412
 -16.906336 27.912128 413
 -18.246897 34.591816 414
 -17.563879 124.518500 415 
-16.555614 129.440375 416 
-14.182881 134.713813 417 
-15.203063 143.151313 418 
-37.652051 -71.301812 419 
-38.206650 -67.083062 420 
-38.757055 -61.809625 421 
-39.030679 -57.590875 422 
-18.899498 13.776313 423 
-16.555614 24.323188 424
 -17.898740 33.815375 425
 -22.190933 117.838813 426
 -20.882903 123.112250 427
 -19.894306 129.088813 428
 -19.563381 133.659125 429
 -21.538391 138.581000 430
 -23.164067 145.612250 431
 -40.382931 -72.356500 432
 -41.970492 -68.137750 433
 -42.231339 -63.919000 434
 -24.770244 15.182563 435 
-24.770244 23.971625 436 
-23.808936 32.760688 437 
-27.609047 115.729438 438
 -27.920134 120.651313 439
 -27.920134 125.573188 440
 -26.984224 132.252875 441
 -26.984224 137.526313 442
 -27.297075 142.799750 443
 -28.848011 149.127875 444 
-47.460385 -72.708062 445 
-47.460385 -69.544000 446 
-47.933619 -66.379937 447
 -28.230327 15.534125 448 
-29.155489 28.190375 449 
-20.882903 46.120063 450 
-33.654380 117.135688 451 
-31.880793 122.409125 452 
-30.980876 127.682563 453 
-30.376163 132.604438 454 
-30.376163 138.229438 455 
-30.980876 144.206000 456 
-32.178838 149.831000 457 
-49.783724 -73.762750 458 
-51.126604 -69.895562 459 
-32.475910 19.401313 460 
-33.654380 26.784125 461
 -36.530357 141.393500 462 
-36.812335 148.073188 463 
-39.845212 175.495063 464 
-53.906583 -73.411187 465 
-53.906583 -68.137750 466 
-42.749810 147.370063 467 
-45.524414 169.870063 468 
-55.729256 -67.786187 469 
-46.501015 167.760688 470
