3 9 0
3 8 1
3 7 2
3 6 3
3 5 4
3 4 5
3 3 6
3 2 7
3 1 8
3 27 9
3 28 10
4 4 11
4 3 12
4 2 13
4 1 14
3 10 15
3 11 16
4 12 17
3 13 18
3 14 19
3 15 20
3 16 21
3 17 22
3 18 23
3 19 24
3 20 25
3 21 26
3 22 27
3 23 28
3 24 29
3 25 30
3 26 31
3 33 32
3 32 33
3 31 34
3 30 35
3 29 36
4 5 37
4 6 38
4 7 39
4 8 40
4 9 41
4 10 42
4 11 43
4 12 44
4 13 45
4 14 46
4 15 47
4 16 48
4 17 49
4 18 50
4 19 51
2 1 52
2 2 53
2 3 54
2 4 55
2 5 56
2 6 57
2 7 58
2 8 59
2 9 60
2 10 61
2 11 62
2 12 63
2 13 64
2 14 65
3 34 66
3 35 67
3 36 68
3 37 69
4 40 70
4 39 71
4 38 72
4 37 73
4 36 74
4 35 75
4 34 76
4 33 77
4 32 78
4 31 79
4 30 80
4 29 81
4 28 82
4 27 83
4 26 84
4 25 85
4 24 86
4 23 87
4 22 88
4 21 89
4 20 90
2 27 91
2 26 92
2 25 93
2 24 94
2 23 95
2 22 96
2 21 97
2 20 98
2 19 99
2 18 100
2 17 101
2 16 102
2 15 103
3 39 104
3 38 105
4 41 106
4 42 107
4 43 108
4 44 109
4 45 110
4 46 111
4 47 112
4 48 113
4 49 114
4 50 115
4 51 116
4 52 117
4 53 118
4 54 119
4 55 120
4 56 121
4 57 122
4 58 123
4 59 124
4 60 125
2 28 126
2 29 127
2 30 128
2 31 129
2 32 130
2 33 131
2 34 132
2 35 133
2 36 134
2 37 135
2 38 136
2 39 137
3 40 138
3 41 139
3 42 140
3 43 141
3 44 142
5 64 143
5 63 144
5 62 145
5 61 146
5 60 147
5 59 148
5 58 149
5 57 150
5 56 151
5 55 152
5 54 153
5 53 154
5 52 155
5 51 156
5 50 157
5 49 158
5 48 159
2 48 160
2 47 161
2 46 162
2 45 163
2 44 164
2 43 165
2 42 166
2 41 167
2 40 168
5 25 169
5 26 170
5 27 171
5 28 172
5 29 173
5 30 174
5 31 175
5 32 176
5 33 177
5 34 178
5 35 179
5 36 180
5 37 181
5 38 182
5 39 183
5 40 184
5 41 185
5 42 186
5 43 187
5 44 188
5 45 189
5 46 190
5 47 191
2 49 192
2 50 193
2 51 194
2 52 195
2 53 196
2 54 197
2 55 198
2 56 199
5 24 200
5 23 201
5 22 202
5 21 203
5 20 204
5 19 205
5 18 206
5 17 207
5 16 208
5 15 209
5 14 210
5 13 211
5 12 212
5 11 213
5 10 214
5 9 215
5 8 216
5 7 217
5 6 218
5 5 219
5 4 220
5 3 221
5 2 222
5 1 223
2 63 224
2 62 225
2 61 226
2 60 227
2 59 228
2 58 229
2 57 230
6 52 231
6 51 232
6 50 233
6 49 234
6 48 235
6 47 236
6 46 237
6 45 238
6 44 239
6 43 240
6 42 241
6 41 242
6 40 243
6 39 244
6 38 245
6 37 246
6 36 247
6 35 248
6 34 249
6 33 250
1 60 251
1 59 252
1 58 253
1 57 254
1 56 255
6 18 256
6 19 257
6 20 258
6 21 259
6 22 260
6 23 261
6 24 262
6 25 263
6 26 264
6 27 265
6 28 266
6 29 267
6 30 268
6 31 269
6 32 270
1 53 271
1 54 272
1 55 273
6 17 274
6 16 275
6 15 276
6 14 277
6 13 278
6 12 279
6 11 280
6 10 281
6 9 282
6 8 283
6 7 284
6 6 285
6 5 286
6 4 287
6 3 288
6 2 289
6 1 290
1 52 291
1 51 292
8 64 293
8 63 294
8 62 295
8 61 296
8 60 297
8 59 298
8 58 299
8 57 300
8 56 301
8 55 302
8 54 303
8 53 304
8 52 305
8 51 306
8 50 307
8 49 308
1 49 309
1 50 310
7 54 311
7 55 312
7 56 313
7 57 314
7 58 315
7 59 316
7 60 317
7 61 318
7 62 319
7 63 320
7 64 321
8 45 322
8 46 323
8 47 324
8 48 325
1 48 326
1 47 327
1 46 328
1 45 329
7 53 330
7 52 331
7 51 332
7 50 333
7 49 334
7 48 335
7 47 336
7 46 337
7 45 338
7 44 339
8 44 340
1 41 341
1 42 342
1 43 343
1 44 344
7 34 345
7 35 346
7 36 347
7 37 348
7 38 349
7 39 350
7 40 351
7 41 352
7 42 353
7 43 354
8 41 355
8 42 356
8 43 357
1 40 358
1 39 359
1 38 360
1 37 361
1 36 362
1 35 363
1 34 364
7 33 365
7 32 366
7 31 367
7 30 368
7 29 369
7 28 370
7 27 371
7 26 372
8 40 373
8 39 374
8 38 375
8 37 376
1 27 377
1 28 378
1 29 379
1 30 380
1 31 381
1 32 382
1 33 383
7 21 384
7 22 385
7 23 386
7 24 387
7 25 388
8 31 389
8 32 390
8 33 391
8 34 392
8 35 393
8 36 394
1 26 395
1 25 396
1 24 397
1 23 398
1 22 399
1 21 400
7 20 401
7 19 402
7 18 403
7 17 404
7 16 405
1 16 406
1 17 407
1 18 408
1 19 409
1 20 410
7 12 411
7 13 412
7 14 413
7 15 414
8 30 415
8 29 416
8 28 417
8 27 418
1 15 419
1 14 420
1 13 421
1 12 422
7 11 423
7 10 424
7 9 425
8 21 426
8 22 427
8 23 428
8 24 429
8 25 430
8 26 431
1 9 432
1 10 433
1 11 434
7 6 435
7 7 436
7 8 437
8 20 438
8 19 439
8 18 440
8 17 441
8 16 442
8 15 443
8 14 444
1 8 445
1 7 446
1 6 447
7 5 448
7 4 449
7 3 450
8 7 451
8 8 452
8 9 453
8 10 454
8 11 455
8 12 456
8 13 457
1 4 458
1 5 459
7 1 460
7 2 461
8 6 462
8 5 463
8 4 464
1 3 465
1 2 466
8 2 467
8 3 468
1 7 469
8 1 470